var	aa_pair_interaction6	aa_pair_interaction1	aaneigh_rank_sses	aaneigh_rank_inc_loops	aaneigh	aaneighvector
E1781G	-387.054	-407.904	2.36583	1.79769e+308	-1121.73	-554.706
I1770C	-384.07	-404.378	2.49098	1.79769e+308	-1122.06	-554.111
E1208K	-382.733	-403.098	2.49961	1.79769e+308	-1121.99	-554.64
I1660S	-374.312	-394.241	2.51093	1.79769e+308	-1122.12	-554.754
M1875K	-383.585	-403.561	2.51776	1.79769e+308	-1123.72	-556.5
K175N	-384.547	-404.27	2.52369	1.79769e+308	-1122.26	-554.931
M1793K	-383.234	-403.21	2.56395	1.79769e+308	-1122.51	-554.437
I1836T	-383.585	-403.561	2.60166	1.79769e+308	-1123.64	-555.898
W374G	-381.051	-401.418	2.62004	1.79769e+308	-1122.17	-554.947
L409C	-381.92	-404.176	2.68599	1.79769e+308	-1121.81	-554.133
Y416C	-385.658	-406.819	2.69766	1.79769e+308	-1122.25	-554.459
Y774C	-386.193	-405.327	2.69766	1.79769e+308	-1121.37	-554.362
R1626P	-384.479	-406.612	2.71252	1.79769e+308	-1121.37	-552.778
I1771T	-379.155	-398.378	2.72471	1.79769e+308	-1122.15	-554.862
M1335R	-383.585	-403.561	2.73145	1.79769e+308	-1121.21	-553.705
N1472S	-386.218	-405.175	2.76336	1.79769e+308	-1122.36	-555.621
N1774S	-386.002	-405.982	2.76336	1.79769e+308	-1122.05	-554.759
A1260D	-383.566	-403.51	2.80772	1.79769e+308	-1123.05	-555.911
R1626H	-387.537	-407.463	2.80864	1.79769e+308	-1121.77	-553.856
M1245I	-383.89	-403.68	2.81541	1.79769e+308	-1122.7	-555.208
D1714G	-385.452	-407.617	2.85137	1.79769e+308	-1121.78	-554.399
R1847C	-387.028	-407.183	2.87077	1.79769e+308	-1121.59	-555.409
A1427E	-383.585	-403.561	2.87339	1.79769e+308	-1121.81	-555.007
D1852V	-385.892	-408.794	2.87814	1.79769e+308	-1121.97	-554.726
L409P	-374.885	-397.169	2.88525	1.79769e+308	-1121.3	-553.314
Q1706H	-386.917	-407.103	2.89748	1.79769e+308	-1121.92	-555.437
Q1414H	-385.779	-406.061	2.90378	1.79769e+308	-1121.91	-555.332
I397T	-379.826	-400.555	2.90444	1.79769e+308	-1122.04	-554.859
L1704H	-381.376	-401.165	2.90558	1.79769e+308	-1121.41	-553.825
I1469V	-383.411	-403.483	2.93093	1.79769e+308	-1122.29	-554.817
I1660V	-383.68	-403.366	2.93205	1.79769e+308	-1122.15	-554.847
T1620K	-382.923	-402.468	2.93619	1.79769e+308	-1121.48	-555.416
I239V	-383.994	-403.91	2.93629	1.79769e+308	-1122.16	-554.862
I1768V	-381.892	-402.315	2.94808	1.79769e+308	-1122.05	-554.748
Y1767C	-384.328	-406.158	2.95489	1.79769e+308	-1121.89	-554.383
M1875T	-383.585	-403.561	2.98136	1.79769e+308	-1122.97	-555.851
L1772V	-382.89	-403.891	3.0088	1.79769e+308	-1122.05	-554.825
Y1495S	-383.278	-403.452	3.00905	1.79769e+308	-1122.42	-554.442
E1240Q	-383.841	-403.68	3.02849	1.79769e+308	-1122.28	-555.148
L266H	-379.342	-398.142	3.03089	1.79769e+308	-1121.4	-554.149
F1473C	-384.753	-405.551	3.04196	1.79769e+308	-1121.82	-554.251
T187I	-383.127	-403.332	3.05372	1.79769e+308	-1121.14	-554.958
R219C	-385.868	-407.213	3.05857	1.79769e+308	-1121.55	-555.71
G1748D	-382.29	-401.308	3.06712	1.79769e+308	-1121.93	-555.074
G1605D	-381.385	-401.286	3.07061	1.79769e+308	-1121.46	-553.3
L409V	-382.14	-403.764	3.09474	1.79769e+308	-1121.97	-554.799
R1623L	-388.65	-407.763	3.09827	1.79769e+308	-1122.87	-555.966
V1323G	-377.45	-399.903	3.11042	1.79769e+308	-1121.96	-554.96
V1763C	-382.481	-402.693	3.11517	1.79769e+308	-1121.75	-554.281
Y1795R	-383.442	-402.447	3.13077	1.79769e+308	-1122.13	-554.752
G1605C	-383.62	-404.472	3.13262	1.79769e+308	-1121.38	-554.655
R367H	-386.022	-404.794	3.1367	1.79769e+308	-1121.83	-555.074
V1525A	-383.993	-402.884	3.13976	1.79769e+308	-1121.82	-554.413
V396A	-379.27	-401.755	3.13976	1.79769e+308	-1121.92	-554.954
I397V	-383.007	-403.791	3.14894	1.79769e+308	-1122.07	-554.857
T1533I	-383.652	-403.738	3.15056	1.79769e+308	-1122.86	-555.081
F1571C	-383.113	-403.56	3.15372	1.79769e+308	-1121.65	-554.087
R367C	-389.252	-408.794	3.16237	1.79769e+308	-1121.9	-555.527
T1645M	-385.251	-405.555	3.1666	1.79769e+308	-1122.34	-554.97
R367G	-384.345	-404.919	3.1676	1.79769e+308	-1122.32	-556.042
A1427S	-383.585	-403.561	3.17263	1.79769e+308	-1121.82	-554.46
R367L	-389.94	-408.344	3.17401	1.79769e+308	-1122.43	-556.071
C1363Y	-382.173	-402.681	3.18949	1.79769e+308	-1121.74	-554.436
L1650H	-377.961	-398.581	3.19238	1.79769e+308	-1121.08	-553.793
L935P	-376.607	-397.75	3.19416	1.79769e+308	-1121.22	-553.943
G1661R	-382.042	-401.813	3.19557	1.79769e+308	-1121.84	-554.207
T1620H	-383.18	-403.127	3.20047	1.79769e+308	-1121.72	-554.847
D1595H	-386.913	-408.147	3.21691	1.79769e+308	-1122.4	-554.953
T1779M	-385.692	-405.27	3.2182	1.79769e+308	-1121.89	-554.961
A1820V	-383.825	-403.56	3.21965	1.79769e+308	-1121.91	-554.753
A185V	-385.62	-405.372	3.22104	1.79769e+308	-1122.31	-555.048
S1333Y	-385.158	-405.044	3.22331	1.79769e+308	-1123.02	-555.821
W1345C	-384.966	-405.599	3.22942	1.79769e+308	-1121.65	-554.536
S1834R	-382.75	-402.858	3.23563	1.79769e+308	-1122.43	-555.039
Y1795E	-383.165	-402.121	3.23596	1.79769e+308	-1121.93	-554.676
C1539F	-383.585	-403.561	3.24641	1.79769e+308	-1123.49	-554.979
A1428V	-385.038	-404.024	3.24974	1.79769e+308	-1122.34	-555.322
A149V	-385.065	-405.261	3.25488	1.79769e+308	-1122.42	-554.599
I1833M	-383.585	-403.561	3.26014	1.79769e+308	-1122.63	-554.817
G1406R	-382.692	-402.57	3.26028	1.79769e+308	-1121.53	-554.493
N1774H	-386.049	-405.699	3.26736	1.79769e+308	-1122.49	-554.921
G1481E	-384.81	-402.619	3.27232	1.79769e+308	-1122.68	-555.362
F170I	-383.84	-403.816	3.27829	1.79769e+308	-1122.05	-554.832
M1676I	-384.216	-404.186	3.27843	1.79769e+308	-1121.66	-554.707
T1620M	-384.249	-403.94	3.29364	1.79769e+308	-1122.23	-554.692
M138I	-383.585	-403.561	3.29952	1.79769e+308	-1122.19	-554.58
F1473A	-380.499	-401.254	3.30153	1.79769e+308	-1121.94	-554.867
V146A	-383.585	-403.561	3.30798	1.79769e+308	-1121.6	-554.779
V1764F	-384.052	-405.05	3.30985	1.79769e+308	-1122.17	-554.609
T1620R	-383.326	-402.755	3.31281	1.79769e+308	-1121.32	-554.855
L1650F	-382.104	-402.651	3.31287	1.79769e+308	-1121.86	-554.708
K1500N	-383.037	-403.33	3.31771	1.79769e+308	-1121.68	-554.558
D1852N	-384.228	-404.825	3.31939	1.79769e+308	-1121.88	-554.623
Y1795H	-383.204	-403.135	3.32607	1.79769e+308	-1122.05	-554.772
F1520A	-383.634	-403.61	3.327	1.79769e+308	-1123.29	-555.115
F1775V	-384.393	-403.576	3.32833	1.79769e+308	-1121.98	-554.766
F1705S	-376.666	-397.421	3.33399	1.79769e+308	-1121.58	-554.973
M135V	-383.585	-403.561	3.3392	1.79769e+308	-1122.62	-554.648
R1847H	-384.391	-404.475	3.34178	1.79769e+308	-1121.83	-554.911
S1218T	-385.223	-404.776	3.35074	1.79769e+308	-1122.04	-554.87
V1405M	-381.154	-401.425	3.35098	1.79769e+308	-1122.25	-554.377
I1521T	-381.383	-400.799	3.35205	1.79769e+308	-1121.72	-554.155
K1477N	-384.882	-404.537	3.3533	1.79769e+308	-1121.59	-554.926
C1575S	-379.576	-400.821	3.35336	1.79769e+308	-1122.27	-554.824
L1413M	-382.065	-403.059	3.35495	1.79769e+308	-1121.75	-555.208
M1351R	-380.422	-400.715	3.35862	1.79769e+308	-1121.43	-555.449
V1598A	-380.689	-401.777	3.35868	1.79769e+308	-1121.87	-554.94
K1493R	-384.324	-404.517	3.36386	1.79769e+308	-1122.27	-554.893
G1661E	-381.473	-401.15	3.36391	1.79769e+308	-1121.43	-553.893
R1626L	-392.23	-411.721	3.36746	1.79769e+308	-1122.49	-554.386
D1790G	-385.663	-406.249	3.38017	1.79769e+308	-1121.73	-554.671
I397F	-382.328	-403.017	3.38037	1.79769e+308	-1122.16	-554.93
M414V	-383.749	-404.002	3.38588	1.79769e+308	-1122.05	-555.117
I1557V	-383.585	-403.561	3.38722	1.79769e+308	-1122.22	-554.82
I1350T	-381.693	-401.551	3.38748	1.79769e+308	-1122.1	-554.819
V411M	-381.999	-401.467	3.38901	1.79769e+308	-1122.12	-554.992
G1329S	-383.813	-403.084	3.38932	1.79769e+308	-1122.34	-554.991
V1764M	-383.837	-404.513	3.39605	1.79769e+308	-1122.25	-555.156
C1539Y	-383.585	-403.561	3.39978	1.79769e+308	-1123.34	-554.787
D1790N	-383.928	-404.246	3.40214	1.79769e+308	-1121.96	-554.73
M1498R	-383.574	-402.269	3.40481	1.79769e+308	-1123	-554.475
L1412F	-381.94	-403.546	3.41187	1.79769e+308	-1122.05	-554.733
Y162H	-383.585	-403.561	3.41256	1.79769e+308	-1121.31	-554.261
F1344L	-383.181	-403.309	3.41761	1.79769e+308	-1122.09	-554.89
P1332L	-383.544	-403.686	3.42256	1.79769e+308	-1122.16	-555.564
I1559V	-383.415	-403.626	3.42506	1.79769e+308	-1122.24	-554.817
T1708N	-380.937	-400.206	3.42529	1.79769e+308	-1121.72	-554.045
V1468A	-379.904	-399.576	3.42579	1.79769e+308	-1121.82	-554.94
V1525M	-380.805	-401.48	3.42762	1.79769e+308	-1122.25	-554.431
V1763M	-381.744	-401.023	3.42762	1.79769e+308	-1122.21	-554.939
A185T	-384.208	-403.941	3.42838	1.79769e+308	-1121.64	-554.37
V247L	-383.845	-403.414	3.42935	1.79769e+308	-1122.12	-554.932
Y1495A	-383.664	-403.501	3.42953	1.79769e+308	-1122.08	-554.696
V1547L	-384.273	-404.074	3.43024	1.79769e+308	-1121.99	-555.019
L404V	-382.951	-402.964	3.43381	1.79769e+308	-1121.72	-554.847
A123G	-383.648	-403.455	3.43952	1.79769e+308	-1122.08	-554.211
V1861F	-383.87	-403.471	3.4408	1.79769e+308	-1121.95	-554.624
V1451L	-383.81	-403.808	3.44542	1.79769e+308	-1122.09	-554.749
N406S	-387.215	-407.341	3.44553	1.79769e+308	-1122.41	-555.571
L1501V	-384.714	-404.398	3.44671	1.79769e+308	-1121.87	-554.745
N406C	-393.73	-413.687	3.44767	1.79769e+308	-1122.26	-555.537
Y1795S	-383.414	-402.934	3.44778	1.79769e+308	-1121.59	-554.58
W1798L	-385.887	-405.037	3.44797	1.79769e+308	-1122.3	-555.309
E418K	-382.835	-403.236	3.45775	1.79769e+308	-1122.01	-554.648
D1816E	-383.478	-403.715	3.46153	1.79769e+308	-1122.25	-555.083
V263I	-383.347	-403.653	3.46172	1.79769e+308	-1122.12	-554.69
S384T	-383.641	-403.632	3.46278	1.79769e+308	-1121.97	-554.982
M1351V	-383.271	-403.812	3.46458	1.79769e+308	-1121.75	-554.956
M1422R	-382.564	-401.803	3.46517	1.79769e+308	-1122.9	-555.288
W1798F	-385.071	-404.813	3.46632	1.79769e+308	-1122.13	-555.068
V240M	-384.277	-403.71	3.46728	1.79769e+308	-1121.89	-554.976
A1330T	-385.75	-404.097	3.46843	1.79769e+308	-1122.04	-554.363
V1340I	-384.653	-404.146	3.47107	1.79769e+308	-1122.11	-554.939
R1316P	-381.585	-404.505	3.47455	1.79769e+308	-1122.4	-555.629
V1405L	-383.082	-402.58	3.47484	1.79769e+308	-1122.25	-555.062
M1766T	-379.886	-399.609	3.47638	1.79769e+308	-1121.8	-554.586
D1816N	-383.821	-404.451	3.48001	1.79769e+308	-1121.66	-554.591
Y168F	-384.433	-404.768	3.48061	1.79769e+308	-1122.19	-554.966
A1428S	-382.564	-402.591	3.48672	1.79769e+308	-1121.65	-554.591
S1219N	-382.79	-402.37	3.4876	1.79769e+308	-1121.74	-554.044
S401G	-383.391	-405.525	3.49789	1.79769e+308	-1122.11	-555.189
E1781D	-383.602	-403.739	3.49912	1.79769e+308	-1121.94	-554.752
A1820T	-382.651	-401.887	3.50016	1.79769e+308	-1122.36	-554.992
F1596I	-383.98	-404.115	3.5059	1.79769e+308	-1121.9	-554.804
T370M	-384.921	-406.522	3.50711	1.79769e+308	-1122.44	-554.831
L1346P	-380.401	-400.065	3.51049	1.79769e+308	-1120.66	-553.812
V125L	-384.16	-403.76	3.51065	1.79769e+308	-1122.07	-554.835
R1623Q	-383.766	-403.017	3.5115	1.79769e+308	-1121.91	-555.204
N1678S	-385.545	-404.997	3.51221	1.79769e+308	-1122.07	-554.737
D1275N	-383.804	-404.28	3.51392	1.79769e+308	-1122.29	-555.282
V1532I	-383.585	-403.561	3.51543	1.79769e+308	-1122.07	-554.846
N406A	-391.32	-411.253	3.51549	1.79769e+308	-1122.36	-556.037
E1864D	-383.585	-403.561	3.51748	1.79769e+308	-1121.72	-554.65
I1853V	-382.831	-403.482	3.5182	1.79769e+308	-1121.92	-554.817
A204T	-383.148	-402.612	3.52021	1.79769e+308	-1122.06	-555.175
V1468F	-382.414	-402.177	3.52159	1.79769e+308	-1122.12	-554.88
V1777M	-383.498	-402.859	3.52424	1.79769e+308	-1122	-554.474
R1316L	-385.713	-407.161	3.53087	1.79769e+308	-1123.29	-555.834
K126E	-383.463	-403.565	3.53369	1.79769e+308	-1122.08	-554.878
F1674V	-384.001	-403.892	3.53583	1.79769e+308	-1121.76	-554.983
S1759C	-391.345	-411.898	3.53652	1.79769e+308	-1121.85	-553.915
S1218I	-388.435	-407.67	3.53704	1.79769e+308	-1122.32	-554.792
V1249D	-378.181	-399.132	3.53794	1.79769e+308	-1120.68	-553.616
M1546T	-380.717	-401.81	3.54008	1.79769e+308	-1121.63	-554.142
N1765C	-392.889	-412.289	3.54138	1.79769e+308	-1122.16	-555.452
V258A	-383.177	-403.188	3.54208	1.79769e+308	-1121.57	-554.983
N1463C	-390.75	-410.694	3.54452	1.79769e+308	-1121.79	-555.505
I137V	-383.203	-403.295	3.54474	1.79769e+308	-1121.87	-554.909
K1478E	-384.186	-404.099	3.5472	1.79769e+308	-1121.95	-554.921
A1326S	-380.932	-400.832	3.54911	1.79769e+308	-1122.01	-554.302
I1853A	-379.298	-401.177	3.55053	1.79769e+308	-1121.57	-554.297
V1624I	-384.529	-404.183	3.55075	1.79769e+308	-1122.04	-554.774
A1330P	-382.765	-401.616	3.5518	1.79769e+308	-1121.4	-553.872
V1747M	-382.959	-403.027	3.5524	1.79769e+308	-1121.59	-554.496
L404Q	-375.696	-397.195	3.55352	1.79769e+308	-1121.37	-554.259
A1529V	-383.603	-403.519	3.555	1.79769e+308	-1122.23	-555.259
A1294G	-383.585	-403.561	3.55511	1.79769e+308	-1122.6	-555.396
A1357V	-383.585	-403.561	3.55511	1.79769e+308	-1122.32	-554.574
A1680P	-383.585	-403.561	3.55511	1.79769e+308	-1122.44	-554.541
A1680T	-383.585	-403.561	3.55511	1.79769e+308	-1122.36	-554.53
A178G	-383.585	-403.561	3.55511	1.79769e+308	-1122.21	-554.312
A1828S	-383.585	-403.561	3.55511	1.79769e+308	-1122.45	-555.367
A1828T	-383.585	-403.561	3.55511	1.79769e+308	-1122.24	-555.231
A1870D	-383.585	-403.561	3.55511	1.79769e+308	-1123.07	-555.871
A1870T	-383.585	-403.561	3.55511	1.79769e+308	-1122.15	-555.239
A226D	-383.585	-403.561	3.55511	1.79769e+308	-1121.35	-553.405
A226G	-383.585	-403.561	3.55511	1.79769e+308	-1122.23	-554.811
A226V	-383.585	-403.561	3.55511	1.79769e+308	-1122.14	-554.609
A286S	-383.585	-403.561	3.55511	1.79769e+308	-1122.53	-555.328
A286V	-383.585	-403.561	3.55511	1.79769e+308	-1120.97	-553.683
A332T	-383.585	-403.561	3.55511	1.79769e+308	-1121.64	-554.652
A344S	-383.585	-403.561	3.55511	1.79769e+308	-1122.26	-554.877
A385T	-383.585	-403.561	3.55511	1.79769e+308	-1121.66	-554.736
C1384Y	-383.585	-403.561	3.55511	1.79769e+308	-1122.48	-554.993
C1728R	-383.585	-403.561	3.55511	1.79769e+308	-1123.62	-555.598
C1728W	-383.585	-403.561	3.55511	1.79769e+308	-1121.88	-554.312
C182R	-383.585	-403.561	3.55511	1.79769e+308	-1121.41	-554.299
C182Y	-383.585	-403.561	3.55511	1.79769e+308	-1122.07	-554.894
C280Y	-383.585	-403.561	3.55511	1.79769e+308	-1121.73	-554.322
C335R	-383.585	-403.561	3.55511	1.79769e+308	-1122.8	-555.615
C335S	-383.585	-403.561	3.55511	1.79769e+308	-1122.2	-555.526
C373F	-383.585	-403.561	3.55511	1.79769e+308	-1123.16	-555.427
C373Y	-383.585	-403.561	3.55511	1.79769e+308	-1123.14	-555.229
D1430N	-383.585	-403.561	3.55511	1.79769e+308	-1121.95	-554.828
D152N	-383.585	-403.561	3.55511	1.79769e+308	-1121.64	-554.413
D1551N	-383.585	-403.561	3.55511	1.79769e+308	-1121.58	-554.636
D1551Y	-383.585	-403.561	3.55511	1.79769e+308	-1119.57	-554.333
D1610G	-383.585	-403.561	3.55511	1.79769e+308	-1121.19	-554.156
D1689N	-383.585	-403.561	3.55511	1.79769e+308	-1121.67	-554.625
D1690N	-383.585	-403.561	3.55511	1.79769e+308	-1121.58	-554.525
D1729N	-383.585	-403.561	3.55511	1.79769e+308	-1121.58	-554.448
D1741E	-383.585	-403.561	3.55511	1.79769e+308	-1122.25	-554.928
D1741N	-383.585	-403.561	3.55511	1.79769e+308	-1121.65	-554.648
D1741Y	-383.585	-403.561	3.55511	1.79769e+308	-1120.43	-554.227
D1839G	-383.585	-403.561	3.55511	1.79769e+308	-1121.21	-554.088
D349N	-383.585	-403.561	3.55511	1.79769e+308	-1121.66	-554.609
D356N	-383.585	-403.561	3.55511	1.79769e+308	-1122.02	-554.666
D870H	-383.585	-403.561	3.55511	1.79769e+308	-1121.13	-554.475
E1225K	-383.585	-403.561	3.55511	1.79769e+308	-1121.82	-554.691
E1230K	-383.585	-403.561	3.55511	1.79769e+308	-1121.71	-554.486
E1231K	-383.585	-403.561	3.55511	1.79769e+308	-1121.69	-554.529
E1295K	-383.585	-403.561	3.55511	1.79769e+308	-1121.74	-554.514
E1441Q	-383.585	-403.561	3.55511	1.79769e+308	-1121.36	-554.331
E1489D	-383.585	-403.561	3.55511	1.79769e+308	-1121.73	-554.692
E1548K	-383.585	-403.561	3.55511	1.79769e+308	-1122	-554.67
E1784K	-383.585	-403.561	3.55511	1.79769e+308	-1122	-554.715
E1823K	-383.585	-403.561	3.55511	1.79769e+308	-1121.7	-554.631
E1823Q	-383.585	-403.561	3.55511	1.79769e+308	-1121.38	-554.279
E208K	-383.585	-403.561	3.55511	1.79769e+308	-1122.4	-554.71
E346D	-383.585	-403.561	3.55511	1.79769e+308	-1121.73	-554.69
E346G	-383.585	-403.561	3.55511	1.79769e+308	-1120.94	-554.312
E346K	-383.585	-403.561	3.55511	1.79769e+308	-1121.79	-554.892
F1293S	-383.585	-403.561	3.55511	1.79769e+308	-1124.03	-556.685
F1317C	-383.585	-403.561	3.55511	1.79769e+308	-1120.41	-554.516
F1360C	-383.585	-403.561	3.55511	1.79769e+308	-1122.5	-555.331
F1486L	-383.585	-403.561	3.55511	1.79769e+308	-1122.33	-555.148
F1587V	-383.585	-403.561	3.55511	1.79769e+308	-1121.99	-554.625
F1616Y	-383.585	-403.561	3.55511	1.79769e+308	-1121.9	-555.033
F1760A	-383.585	-403.561	3.55511	1.79769e+308	-1121.63	-554.698
F1760C	-383.585	-403.561	3.55511	1.79769e+308	-1121.25	-554.065
F1760D	-383.585	-403.561	3.55511	1.79769e+308	-1121.08	-554.086
F1760E	-383.585	-403.561	3.55511	1.79769e+308	-1121.26	-553.992
F1760K	-383.585	-403.561	3.55511	1.79769e+308	-1121.12	-553.884
F1760R	-383.585	-403.561	3.55511	1.79769e+308	-1121.53	-554.367
F355C	-383.585	-403.561	3.55511	1.79769e+308	-1123.25	-555.267
G1262S	-383.585	-403.561	3.55511	1.79769e+308	-1122.24	-554.906
G1292A	-383.585	-403.561	3.55511	1.79769e+308	-1121.41	-554.43
G1297D	-383.585	-403.561	3.55511	1.79769e+308	-1122.52	-555.471
G1358R	-383.585	-403.561	3.55511	1.79769e+308	-1122.93	-555.179
G1358W	-383.585	-403.561	3.55511	1.79769e+308	-1122.14	-555.217
G1391R	-383.585	-403.561	3.55511	1.79769e+308	-1121.8	-554.88
G1420P	-383.585	-403.561	3.55511	1.79769e+308	-1122.35	-555.142
G1420R	-383.585	-403.561	3.55511	1.79769e+308	-1122.68	-555.435
G1420V	-383.585	-403.561	3.55511	1.79769e+308	-1122.56	-555.047
G1433R	-383.585	-403.561	3.55511	1.79769e+308	-1122.66	-555.087
G1433V	-383.585	-403.561	3.55511	1.79769e+308	-1121.44	-554.51
G1502A	-383.585	-403.561	3.55511	1.79769e+308	-1121.69	-554.613
G1502S	-383.585	-403.561	3.55511	1.79769e+308	-1122.16	-554.912
G1631D	-383.585	-403.561	3.55511	1.79769e+308	-1121.18	-554.005
G1639A	-383.585	-403.561	3.55511	1.79769e+308	-1121.36	-554.43
G1712C	-383.585	-403.561	3.55511	1.79769e+308	-1121.61	-554.089
G1712S	-383.585	-403.561	3.55511	1.79769e+308	-1121.79	-554.938
G1737D	-383.585	-403.561	3.55511	1.79769e+308	-1122.56	-555.088
G1740R	-383.585	-403.561	3.55511	1.79769e+308	-1122.69	-555.454
G1743E	-383.585	-403.561	3.55511	1.79769e+308	-1122.95	-555.321
G1743R	-383.585	-403.561	3.55511	1.79769e+308	-1122.94	-555.287
G180V	-383.585	-403.561	3.55511	1.79769e+308	-1122.57	-555.794
G1845R	-383.585	-403.561	3.55511	1.79769e+308	-1121.42	-554.549
G213D	-383.585	-403.561	3.55511	1.79769e+308	-1122.56	-555.505
G274C	-383.585	-403.561	3.55511	1.79769e+308	-1122.54	-555.331
G289S	-383.585	-403.561	3.55511	1.79769e+308	-1121.91	-554.591
G319C	-383.585	-403.561	3.55511	1.79769e+308	-1119.71	-553.422
G319R	-383.585	-403.561	3.55511	1.79769e+308	-1121.7	-554.867
G319S	-383.585	-403.561	3.55511	1.79769e+308	-1121.95	-554.988
G351D	-383.585	-403.561	3.55511	1.79769e+308	-1122.81	-555.234
G351S	-383.585	-403.561	3.55511	1.79769e+308	-1122.29	-554.922
G351V	-383.585	-403.561	3.55511	1.79769e+308	-1121.42	-554.497
G386E	-383.585	-403.561	3.55511	1.79769e+308	-1122.34	-555.528
G386R	-383.585	-403.561	3.55511	1.79769e+308	-1122.62	-555.415
G400A	-383.585	-403.561	3.55511	1.79769e+308	-1121.83	-554.805
G400E	-383.585	-403.561	3.55511	1.79769e+308	-1121.17	-553.339
G400R	-383.585	-403.561	3.55511	1.79769e+308	-1121.57	-553.542
H350Q	-383.585	-403.561	3.55511	1.79769e+308	-1122.3	-554.842
I1485V	-383.585	-403.561	3.55511	1.79769e+308	-1122.44	-555.163
I1611V	-383.585	-403.561	3.55511	1.79769e+308	-1122.41	-555.243
I1630R	-383.585	-403.561	3.55511	1.79769e+308	-1121.41	-553.48
I1630V	-383.585	-403.561	3.55511	1.79769e+308	-1121.82	-554.855
I1762A	-383.585	-403.561	3.55511	1.79769e+308	-1121.8	-554.576
I1762M	-383.585	-403.561	3.55511	1.79769e+308	-1122.21	-555.16
I1873V	-383.585	-403.561	3.55511	1.79769e+308	-1122.33	-555.242
I230M	-383.585	-403.561	3.55511	1.79769e+308	-1121.98	-554.424
I230T	-383.585	-403.561	3.55511	1.79769e+308	-1121.52	-554.154
I230V	-383.585	-403.561	3.55511	1.79769e+308	-1121.82	-554.809
I388S	-383.585	-403.561	3.55511	1.79769e+308	-1120.92	-553.831
K1233E	-383.585	-403.561	3.55511	1.79769e+308	-1122.17	-554.924
K1359M	-383.585	-403.561	3.55511	1.79769e+308	-1122.8	-555.551
K1359N	-383.585	-403.561	3.55511	1.79769e+308	-1122.24	-554.916
K1419E	-383.585	-403.561	3.55511	1.79769e+308	-1122.11	-554.4
K1505N	-383.585	-403.561	3.55511	1.79769e+308	-1121.78	-554.436
K1527R	-383.585	-403.561	3.55511	1.79769e+308	-1121.68	-554.521
K1872N	-383.585	-403.561	3.55511	1.79769e+308	-1121.8	-554.553
K228R	-383.585	-403.561	3.55511	1.79769e+308	-1122.33	-555.239
K317E	-383.585	-403.561	3.55511	1.79769e+308	-1122.28	-555.14
K317N	-383.585	-403.561	3.55511	1.79769e+308	-1121.76	-554.69
L1308F	-383.585	-403.561	3.55511	1.79769e+308	-1121.9	-554.843
L1387F	-383.585	-403.561	3.55511	1.79769e+308	-1121.7	-554.568
L1444I	-383.585	-403.561	3.55511	1.79769e+308	-1121.86	-554.694
L1514M	-383.585	-403.561	3.55511	1.79769e+308	-1122.71	-555.696
L1636Q	-383.585	-403.561	3.55511	1.79769e+308	-1120.68	-554.534
L1761F	-383.585	-403.561	3.55511	1.79769e+308	-1121.86	-555.12
L1761H	-383.585	-403.561	3.55511	1.79769e+308	-1121.11	-554.418
L1786P	-383.585	-403.561	3.55511	1.79769e+308	-1121.35	-554.042
L1786Q	-383.585	-403.561	3.55511	1.79769e+308	-1121.26	-554.265
L1825P	-383.585	-403.561	3.55511	1.79769e+308	-1121.37	-554.073
L212P	-383.585	-403.561	3.55511	1.79769e+308	-1124.36	-556.755
L212Q	-383.585	-403.561	3.55511	1.79769e+308	-1123.95	-556.505
L227P	-383.585	-403.561	3.55511	1.79769e+308	-1120.66	-553.193
L276P	-383.585	-403.561	3.55511	1.79769e+308	-1121.29	-553.775
L276Q	-383.585	-403.561	3.55511	1.79769e+308	-1120.94	-554.087
L325R	-383.585	-403.561	3.55511	1.79769e+308	-1120.94	-555.003
M1296T	-383.585	-403.561	3.55511	1.79769e+308	-1122.8	-555.384
M1487L	-383.585	-403.561	3.55511	1.79769e+308	-1121.43	-554.409
M1842L	-383.585	-403.561	3.55511	1.79769e+308	-1121.87	-554.621
M1842V	-383.585	-403.561	3.55511	1.79769e+308	-1121.92	-554.975
N1269S	-383.585	-403.561	3.55511	1.79769e+308	-1122.16	-554.597
N1354K	-383.585	-403.561	3.55511	1.79769e+308	-1121.73	-554.321
N1443S	-383.585	-403.561	3.55511	1.79769e+308	-1121.79	-554.689
N1515S	-383.585	-403.561	3.55511	1.79769e+308	-1121.76	-554.577
N1722D	-383.585	-403.561	3.55511	1.79769e+308	-1122.25	-554.997
N275K	-383.585	-403.561	3.55511	1.79769e+308	-1122.06	-555.203
N288S	-383.585	-403.561	3.55511	1.79769e+308	-1121.73	-554.466
P1298L	-383.585	-403.561	3.55511	1.79769e+308	-1119.55	-554.197
P1438L	-383.585	-403.561	3.55511	1.79769e+308	-1122.63	-555.243
P1506S	-383.585	-403.561	3.55511	1.79769e+308	-1121.83	-554.403
P1506T	-383.585	-403.561	3.55511	1.79769e+308	-1121.93	-554.334
P1509T	-383.585	-403.561	3.55511	1.79769e+308	-1121.86	-554.305
P154L	-383.585	-403.561	3.55511	1.79769e+308	-1119.57	-552.396
P1725L	-383.585	-403.561	3.55511	1.79769e+308	-1119.74	-552.729
P1730H	-383.585	-403.561	3.55511	1.79769e+308	-1121.27	-554.2
P1730L	-383.585	-403.561	3.55511	1.79769e+308	-1119.7	-552.919
P1824A	-383.585	-403.561	3.55511	1.79769e+308	-1121.48	-554.042
P336L	-383.585	-403.561	3.55511	1.79769e+308	-1119.99	-552.398
P348A	-383.585	-403.561	3.55511	1.79769e+308	-1121.7	-554.601
Q1366R	-383.585	-403.561	3.55511	1.79769e+308	-1121.72	-554.709
Q1439H	-383.585	-403.561	3.55511	1.79769e+308	-1121.84	-554.569
Q1439R	-383.585	-403.561	3.55511	1.79769e+308	-1122.11	-554.846
Q1483H	-383.585	-403.561	3.55511	1.79769e+308	-1121.42	-554.507
Q1507A	-383.585	-403.561	3.55511	1.79769e+308	-1121.15	-554.212
Q1552L	-383.585	-403.561	3.55511	1.79769e+308	-1120.53	-554.234
Q1552R	-383.585	-403.561	3.55511	1.79769e+308	-1121.91	-554.852
Q1613H	-383.585	-403.561	3.55511	1.79769e+308	-1121.42	-554.5
Q1613L	-383.585	-403.561	3.55511	1.79769e+308	-1120.26	-553.642
Q371E	-383.585	-403.561	3.55511	1.79769e+308	-1121.8	-554.577
R1232Q	-383.585	-403.561	3.55511	1.79769e+308	-1122.4	-555.196
R1232W	-383.585	-403.561	3.55511	1.79769e+308	-1120.14	-552.67
R1303Q	-383.585	-403.561	3.55511	1.79769e+308	-1121.85	-555.138
R1303W	-383.585	-403.561	3.55511	1.79769e+308	-1122.6	-555.902
R1306H	-383.585	-403.561	3.55511	1.79769e+308	-1121.86	-554.593
R1306S	-383.585	-403.561	3.55511	1.79769e+308	-1122.19	-555.353
R1309H	-383.585	-403.561	3.55511	1.79769e+308	-1121.78	-554.087
R1362S	-383.585	-403.561	3.55511	1.79769e+308	-1121.44	-554.681
R1432G	-383.585	-403.561	3.55511	1.79769e+308	-1121.02	-554.295
R1432K	-383.585	-403.561	3.55511	1.79769e+308	-1122.07	-554.896
R1432S	-383.585	-403.561	3.55511	1.79769e+308	-1121.38	-554.484
R1512L	-383.585	-403.561	3.55511	1.79769e+308	-1120.66	-553.609
R1512Q	-383.585	-403.561	3.55511	1.79769e+308	-1122.02	-554.884
R1512W	-383.585	-403.561	3.55511	1.79769e+308	-1120.41	-553.398
R1583C	-383.585	-403.561	3.55511	1.79769e+308	-1122.2	-554.902
R1583H	-383.585	-403.561	3.55511	1.79769e+308	-1122.08	-554.722
R1629G	-383.585	-403.561	3.55511	1.79769e+308	-1122.32	-555.851
R1629Q	-383.585	-403.561	3.55511	1.79769e+308	-1121.87	-555.082
R1632C	-383.585	-403.561	3.55511	1.79769e+308	-1121.56	-555.737
R1632H	-383.585	-403.561	3.55511	1.79769e+308	-1122.04	-555.196
R1632L	-383.585	-403.561	3.55511	1.79769e+308	-1122.95	-555.972
R1638Q	-383.585	-403.561	3.55511	1.79769e+308	-1122.2	-554.888
R1739Q	-383.585	-403.561	3.55511	1.79769e+308	-1122.22	-554.922
R1739W	-383.585	-403.561	3.55511	1.79769e+308	-1120.07	-553.245
R179Q	-383.585	-403.561	3.55511	1.79769e+308	-1121.81	-554.749
R1826C	-383.585	-403.561	3.55511	1.79769e+308	-1120.99	-554.693
R1826H	-383.585	-403.561	3.55511	1.79769e+308	-1121.64	-554.671
R190G	-383.585	-403.561	3.55511	1.79769e+308	-1122.44	-554.85
R190L	-383.585	-403.561	3.55511	1.79769e+308	-1123.15	-554.825
R190Q	-383.585	-403.561	3.55511	1.79769e+308	-1121.98	-554.499
R190W	-383.585	-403.561	3.55511	1.79769e+308	-1123.34	-555.14
R222Q	-383.585	-403.561	3.55511	1.79769e+308	-1121.85	-555.005
R225P	-383.585	-403.561	3.55511	1.79769e+308	-1121.38	-554.18
R225Q	-383.585	-403.561	3.55511	1.79769e+308	-1121.86	-554.6
R225W	-383.585	-403.561	3.55511	1.79769e+308	-1122.29	-554.993
R340Q	-383.585	-403.561	3.55511	1.79769e+308	-1122.07	-554.763
R340W	-383.585	-403.561	3.55511	1.79769e+308	-1120.3	-553.761
S115G	-383.585	-403.561	3.55511	1.79769e+308	-1121.8	-554.67
S115N	-383.585	-403.561	3.55511	1.79769e+308	-1122.12	-554.868
S1382I	-383.585	-403.561	3.55511	1.79769e+308	-1120.04	-553.306
S1431C	-383.585	-403.561	3.55511	1.79769e+308	-1123.02	-555.469
S1458Y	-383.585	-403.561	3.55511	1.79769e+308	-1122.16	-554.755
S1503A	-383.585	-403.561	3.55511	1.79769e+308	-1121.49	-554.277
S1503Y	-383.585	-403.561	3.55511	1.79769e+308	-1120.22	-552.867
S1553R	-383.585	-403.561	3.55511	1.79769e+308	-1121.82	-554.42
S1609L	-383.585	-403.561	3.55511	1.79769e+308	-1120.02	-553.17
S1609W	-383.585	-403.561	3.55511	1.79769e+308	-1119.65	-552.686
S1710L	-383.585	-403.561	3.55511	1.79769e+308	-1122.77	-555.453
S1718R	-383.585	-403.561	3.55511	1.79769e+308	-1122.57	-554.916
S1738F	-383.585	-403.561	3.55511	1.79769e+308	-1120.66	-553.256
S1744I	-383.585	-403.561	3.55511	1.79769e+308	-1122.44	-554.64
S1787N	-383.585	-403.561	3.55511	1.79769e+308	-1122.07	-554.626
S216L	-383.585	-403.561	3.55511	1.79769e+308	-1120.82	-554.023
S321Y	-383.585	-403.561	3.55511	1.79769e+308	-1120.12	-552.86
S330F	-383.585	-403.561	3.55511	1.79769e+308	-1119.86	-552.489
S941N	-383.585	-403.561	3.55511	1.79769e+308	-1122.12	-554.925
T1268N	-383.585	-403.561	3.55511	1.79769e+308	-1122.36	-554.996
T1304M	-383.585	-403.561	3.55511	1.79769e+308	-1122.44	-555.235
T1461S	-383.585	-403.561	3.55511	1.79769e+308	-1121.93	-554.757
T1488R	-383.585	-403.561	3.55511	1.79769e+308	-1122.09	-554.673
T1526P	-383.585	-403.561	3.55511	1.79769e+308	-1122.18	-555.29
T157I	-383.585	-403.561	3.55511	1.79769e+308	-1120.48	-553.552
T1588I	-383.585	-403.561	3.55511	1.79769e+308	-1120.43	-553.597
T1709M	-383.585	-403.561	3.55511	1.79769e+308	-1122.42	-555.042
T1709R	-383.585	-403.561	3.55511	1.79769e+308	-1121.85	-553.896
T1723N	-383.585	-403.561	3.55511	1.79769e+308	-1122.27	-554.966
T285K	-383.585	-403.561	3.55511	1.79769e+308	-1122.72	-555.406
T320N	-383.585	-403.561	3.55511	1.79769e+308	-1122.11	-554.993
T353I	-383.585	-403.561	3.55511	1.79769e+308	-1122.59	-555.374
V113A	-383.585	-403.561	3.55511	1.79769e+308	-1122.3	-555.424
V113I	-383.585	-403.561	3.55511	1.79769e+308	-1121.77	-554.379
V1378M	-383.585	-403.561	3.55511	1.79769e+308	-1122.17	-554.879
V1398M	-383.585	-403.561	3.55511	1.79769e+308	-1121.98	-554.627
V1400I	-383.585	-403.561	3.55511	1.79769e+308	-1122.05	-554.696
V223L	-383.585	-403.561	3.55511	1.79769e+308	-1122.2	-554.911
V232F	-383.585	-403.561	3.55511	1.79769e+308	-1122.01	-554.665
V232I	-383.585	-403.561	3.55511	1.79769e+308	-1122.05	-554.321
V281M	-383.585	-403.561	3.55511	1.79769e+308	-1121.97	-554.724
W1206C	-383.585	-403.561	3.55511	1.79769e+308	-1121.34	-554.533
W156R	-383.585	-403.561	3.55511	1.79769e+308	-1123.82	-556.389
W1684R	-383.585	-403.561	3.55511	1.79769e+308	-1122.94	-555.728
Y112C	-383.585	-403.561	3.55511	1.79769e+308	-1121.76	-554.903
Y1228C	-383.585	-403.561	3.55511	1.79769e+308	-1121.8	-555.22
Y1228F	-383.585	-403.561	3.55511	1.79769e+308	-1121.58	-554.76
Y1228H	-383.585	-403.561	3.55511	1.79769e+308	-1122.88	-554.668
Y1442C	-383.585	-403.561	3.55511	1.79769e+308	-1121.82	-554.918
Y1442N	-383.585	-403.561	3.55511	1.79769e+308	-1122.94	-555.972
Y1445H	-383.585	-403.561	3.55511	1.79769e+308	-1123.5	-555.565
Y1585C	-383.585	-403.561	3.55511	1.79769e+308	-1121.85	-555.171
Y1681F	-383.585	-403.561	3.55511	1.79769e+308	-1121.61	-554.714
Y352C	-383.585	-403.561	3.55511	1.79769e+308	-1121.9	-555.271
Y389H	-383.585	-403.561	3.55511	1.79769e+308	-1121.44	-554.236
R1644H	-383.685	-403.316	3.55558	1.79769e+308	-1121.99	-554.906
I267L	-383.181	-403.775	3.55792	1.79769e+308	-1122.13	-554.889
A1569P	-383.191	-403.152	3.56036	1.79769e+308	-1121.57	-553.865
N1463A	-388.574	-408.462	3.56062	1.79769e+308	-1122.23	-555.904
S1759A	-386.146	-406.792	3.56111	1.79769e+308	-1121.94	-554.544
D1423H	-384.74	-404.891	3.56495	1.79769e+308	-1121.54	-554.774
I1334V	-382.629	-402.842	3.56547	1.79769e+308	-1121.87	-554.796
S401N	-380.556	-401.33	3.56764	1.79769e+308	-1121.57	-554.243
G268S	-382.625	-401.708	3.56849	1.79769e+308	-1121.98	-554.559
A1416E	-378.889	-397.289	3.57185	1.79769e+308	-1121.53	-553.264
I1364V	-383.726	-403.325	3.57281	1.79769e+308	-1122	-554.693
N1365S	-383.733	-403.668	3.57379	1.79769e+308	-1121.79	-554.739
I1215V	-383.506	-402.964	3.57435	1.79769e+308	-1121.89	-554.744
E1877K	-383.22	-403.245	3.57602	1.79769e+308	-1121.9	-554.678
S401C	-385.643	-408.92	3.57653	1.79769e+308	-1121.82	-554.833
I1424V	-381.883	-402.523	3.57858	1.79769e+308	-1121.94	-554.797
A1649V	-383.035	-404.494	3.58192	1.79769e+308	-1122.33	-554.58
V1861I	-383.749	-403.356	3.58726	1.79769e+308	-1122.05	-554.799
M1676T	-382.375	-402.758	3.59075	1.79769e+308	-1121.82	-554.439
I1570V	-383.196	-403.324	3.59483	1.79769e+308	-1121.92	-554.812
V174I	-384.594	-403.455	3.59541	1.79769e+308	-1122.14	-554.762
M1498T	-383.456	-402.917	3.59812	1.79769e+308	-1122.5	-554.517
F1522Y	-383.492	-402.87	3.5989	1.79769e+308	-1122.15	-554.858
L1835F	-382.556	-402.98	3.59957	1.79769e+308	-1121.82	-554.56
N1380K	-383.4	-403.773	3.60132	1.79769e+308	-1122.51	-555.141
N1463Y	-388.233	-408.846	3.60358	1.79769e+308	-1122.42	-555.973
T187S	-383.633	-403.664	3.60575	1.79769e+308	-1121.97	-554.778
L1565M	-383.009	-403.052	3.60625	1.79769e+308	-1121.27	-554.896
Q1832E	-383.198	-403.224	3.61144	1.79769e+308	-1122.47	-555.178
S262G	-385.122	-404.925	3.61175	1.79769e+308	-1122.15	-555.086
I1758V	-383.072	-403.556	3.61337	1.79769e+308	-1121.88	-554.741
Y1494N	-382.59	-402.113	3.61718	1.79769e+308	-1122.25	-554.139
V1451D	-378.393	-399.973	3.62006	1.79769e+308	-1120.47	-554.05
F1520L	-383.814	-403.79	3.62035	1.79769e+308	-1122.32	-555.037
E1780G	-383.796	-404.662	3.62058	1.79769e+308	-1120.96	-554.719
L271V	-381.865	-402.696	3.622	1.79769e+308	-1121.64	-554.646
K343Q	-383.574	-403.794	3.62599	1.79769e+308	-1121.73	-554.482
N1765A	-391.585	-411.31	3.6273	1.79769e+308	-1122.28	-555.717
K1264N	-383.585	-403.561	3.6278	1.79769e+308	-1121.86	-554.693
Y1409C	-384.607	-405.6	3.62834	1.79769e+308	-1121.17	-554.351
M1214T	-381.591	-402.239	3.63077	1.79769e+308	-1121.67	-554.665
V1667I	-385.572	-404.56	3.63298	1.79769e+308	-1122.1	-554.88
I137M	-381.669	-402.489	3.63351	1.79769e+308	-1121.75	-555.161
L1560F	-382.705	-402.576	3.6337	1.79769e+308	-1121.89	-554.755
V1764D	-377.759	-396.357	3.6355	1.79769e+308	-1121.28	-554.144
R121Q	-383.387	-403.525	3.63964	1.79769e+308	-1121.75	-554.753
V1532F	-383.585	-403.561	3.64161	1.79769e+308	-1121.96	-554.902
A1221V	-387.39	-407.243	3.64431	1.79769e+308	-1122.25	-555.128
R121W	-383.976	-404.259	3.64551	1.79769e+308	-1121.59	-554.493
D1523N	-384.103	-404.138	3.646	1.79769e+308	-1121.66	-554.59
I1797V	-383.879	-403.437	3.64664	1.79769e+308	-1121.94	-554.827
T1753A	-382.829	-403.525	3.64742	1.79769e+308	-1122.43	-554.852
M1498V	-383.663	-403.81	3.65235	1.79769e+308	-1121.92	-555.023
K1236N	-383.585	-403.561	3.65282	1.79769e+308	-1121.45	-554.57
L1750F	-383.658	-403.604	3.65429	1.79769e+308	-1122.03	-554.74
T1606I	-386.078	-405.346	3.66299	1.79769e+308	-1122.96	-554.652
L1339F	-383.365	-403.39	3.66469	1.79769e+308	-1121.92	-554.72
H184R	-382.76	-402.764	3.66499	1.79769e+308	-1122.04	-555.066
S401A	-385.208	-405.581	3.66628	1.79769e+308	-1121.92	-555.199
L1239P	-381.361	-400.478	3.67059	1.79769e+308	-1120.66	-553.61
I1756V	-382.247	-403.236	3.67384	1.79769e+308	-1121.82	-554.814
D1595N	-384.453	-405.423	3.67641	1.79769e+308	-1122.36	-555.403
V1281F	-383.601	-403.466	3.67749	1.79769e+308	-1122.2	-554.77
I1331V	-383.61	-403.586	3.67855	1.79769e+308	-1121.89	-554.809
V1279I	-383.417	-403.059	3.68024	1.79769e+308	-1122.07	-554.768
N1325S	-384.963	-404.862	3.68068	1.79769e+308	-1121.81	-554.783
D1792N	-384.018	-403.848	3.68081	1.79769e+308	-1121.66	-554.776
H278R	-382.917	-402.322	3.68183	1.79769e+308	-1121.35	-554.702
M1766V	-385.763	-405.051	3.6826	1.79769e+308	-1121.88	-554.591
M1320V	-386.086	-405.509	3.68368	1.79769e+308	-1121.79	-554.56
S401P	-383.426	-404.201	3.68503	1.79769e+308	-1121.36	-554.051
L1346I	-382.892	-403.272	3.68636	1.79769e+308	-1121.8	-554.738
A204V	-385.522	-404.96	3.6867	1.79769e+308	-1122.14	-554.946
F1348L	-381.525	-402.618	3.68682	1.79769e+308	-1122.03	-554.856
F1344S	-380.819	-401.272	3.69015	1.79769e+308	-1121.32	-554.405
F851L	-382.963	-402.954	3.69424	1.79769e+308	-1121.91	-554.89
H1849R	-383.447	-402.724	3.69497	1.79769e+308	-1122.27	-555.072
I788V	-383.441	-403.52	3.69699	1.79769e+308	-1121.9	-554.85
D1819N	-383.585	-403.561	3.69746	1.79769e+308	-1121.76	-554.623
T220I	-386.199	-405.953	3.69986	1.79769e+308	-1122.47	-555.091
A124D	-376.412	-398.63	3.70075	1.79769e+308	-1121.44	-553.439
I1809M	-380.602	-401.259	3.70248	1.79769e+308	-1121.73	-554.56
F402L	-385.382	-403.652	3.70346	1.79769e+308	-1122.07	-554.956
A1698T	-383.835	-403.494	3.70394	1.79769e+308	-1121.53	-554.077
M1701I	-384.157	-404.432	3.70582	1.79769e+308	-1121.88	-554.667
V1353M	-382.689	-403.045	3.71034	1.79769e+308	-1122.08	-554.406
Y159C	-383.585	-403.561	3.71044	1.79769e+308	-1122.11	-556.111
Y162C	-383.585	-403.561	3.71044	1.79769e+308	-1121.05	-554.334
V1328M	-383.602	-403.318	3.71076	1.79769e+308	-1121.49	-554.961
F1250L	-383.326	-403.31	3.71287	1.79769e+308	-1122.03	-554.889
L1338V	-383.172	-403.044	3.7158	1.79769e+308	-1121.89	-554.763
E1555K	-383.585	-403.561	3.71713	1.79769e+308	-1121.69	-554.543
D1243N	-384.066	-404.465	3.71875	1.79769e+308	-1122.26	-555.296
I1448L	-383.725	-403.469	3.72141	1.79769e+308	-1121.9	-554.923
M1880V	-383.336	-403.541	3.72931	1.79769e+308	-1121.85	-554.903
K1236R	-383.585	-403.561	3.73138	1.79769e+308	-1121.8	-554.871
K1264R	-383.585	-403.561	3.73283	1.79769e+308	-1121.21	-554.059
A1270S	-383.032	-403.129	3.73318	1.79769e+308	-1121.56	-554.603
N134S	-384.596	-404.251	3.73406	1.79769e+308	-1122.13	-555.214
A1330D	-377.72	-396.904	3.73413	1.79769e+308	-1121.16	-553.003
R376H	-384.685	-404.115	3.73956	1.79769e+308	-1121.67	-554.919
E161K	-383.372	-403.673	3.74327	1.79769e+308	-1122.23	-554.397
T143A	-384.156	-404.069	3.74428	1.79769e+308	-1122.44	-555.134
T220N	-381.403	-400.329	3.74463	1.79769e+308	-1121.78	-554.203
R1321K	-382.703	-402.485	3.75033	1.79769e+308	-1122.16	-554.845
I141V	-383.691	-403.59	3.7511	1.79769e+308	-1121.87	-554.785
I1603F	-384.243	-404.215	3.76357	1.79769e+308	-1121.93	-554.763
V1251M	-384.561	-403.232	3.76396	1.79769e+308	-1121.48	-554.343
A413T	-382.257	-401.359	3.76424	1.79769e+308	-1121.96	-554.813
R282H	-383.834	-403.49	3.76515	1.79769e+308	-1121.55	-554.562
M1851V	-384.296	-404.022	3.76696	1.79769e+308	-1121.91	-554.956
V146M	-383.585	-403.561	3.77102	1.79769e+308	-1121.55	-554.597
M1851I	-384.012	-403.999	3.77202	1.79769e+308	-1121.69	-554.767
V1597M	-383.161	-402.456	3.77437	1.79769e+308	-1121.4	-554.402
L1311P	-377.477	-399.511	3.77529	1.79769e+308	-1120.65	-553.216
F1596C	-383.738	-403.745	3.77788	1.79769e+308	-1120.79	-554.317
L1255M	-383.728	-403.551	3.78562	1.79769e+308	-1121.53	-554.375
F1567L	-383.225	-404.071	3.7869	1.79769e+308	-1122.09	-554.844
R1644L	-382.911	-403.596	3.7879	1.79769e+308	-1121.94	-555.302
F164L	-384.184	-403.342	3.79108	1.79769e+308	-1122.1	-554.809
R1316Q	-382.558	-403.177	3.79645	1.79769e+308	-1121.89	-554.615
A1746V	-383.585	-403.561	3.80224	1.79769e+308	-1122.29	-554.917
Y1795A	-383.931	-403.507	3.80394	1.79769e+308	-1121.48	-554.945
I1756C	-382.578	-403.758	3.80487	1.79769e+308	-1121.15	-554.521
V1237F	-383.585	-403.561	3.80697	1.79769e+308	-1121.39	-554.596
I1593M	-383.585	-403.561	3.81071	1.79769e+308	-1121.26	-554.532
S1285G	-385.02	-404.53	3.81095	1.79769e+308	-1122.28	-554.664
Y1795F	-384.651	-404.094	3.81415	1.79769e+308	-1121.7	-554.785
Y1495F	-383.875	-403.572	3.82681	1.79769e+308	-1121.63	-554.762
F1210S	-383.585	-403.561	3.83514	1.79769e+308	-1120.91	-554.986
H278D	-384.403	-403.958	3.84282	1.79769e+308	-1121.39	-554.485
S1672Y	-385.769	-405.599	3.84351	1.79769e+308	-1121.81	-554.856
V1543A	-383.458	-403.022	3.84553	1.79769e+308	-1121.57	-554.985
I1278N	-380.386	-400.416	3.84566	1.79769e+308	-1121.52	-554.279
T1247I	-385.732	-405.758	3.84836	1.79769e+308	-1122.18	-555.443
P119S	-383.585	-403.561	3.84945	1.79769e+308	-1121.56	-554.419
G1406E	-382.561	-402.273	3.85741	1.79769e+308	-1121.46	-554.523
N406D	-379.201	-401.27	3.85854	1.79769e+308	-1121.6	-554.225
L136P	-382.951	-402.852	3.86218	1.79769e+308	-1121	-553.708
G1319V	-388.136	-405.791	3.86664	1.79769e+308	-1122.65	-555.327
Q245K	-383.334	-403.047	3.87074	1.79769e+308	-1121.74	-554.755
W1798A	-382.914	-402.849	3.88144	1.79769e+308	-1121.9	-554.913
N406E	-379.57	-401.796	3.88388	1.79769e+308	-1121.72	-554.55
E161Q	-384.028	-404.075	3.89505	1.79769e+308	-1122.36	-554.821
G1220E	-383.103	-403.079	3.89605	1.79769e+308	-1121.22	-553.507
E1253G	-385.793	-407.813	3.90063	1.79769e+308	-1122.43	-554.86
S401E	-377.81	-400.092	3.90506	1.79769e+308	-1121.31	-553.717
L1283M	-382.898	-403.393	3.90881	1.79769e+308	-1121.29	-554.384
M1652T	-381.745	-402.01	3.91693	1.79769e+308	-1122.24	-555.222
S401D	-377.26	-399.218	3.92252	1.79769e+308	-1121.19	-553.769
A1288G	-383.585	-403.561	3.92694	1.79769e+308	-1121.43	-554.791
L1854A	-383.073	-402.853	3.93477	1.79769e+308	-1121.52	-554.457
T1544P	-382.562	-402.863	3.93964	1.79769e+308	-1121.32	-554.299
Q1476R	-382.744	-404.468	3.94289	1.79769e+308	-1122.2	-554.808
R219H	-384.115	-405.057	3.9483	1.79769e+308	-1122.36	-555.239
G1408R	-380.559	-400.395	3.9546	1.79769e+308	-1120.61	-553.554
F1473S	-377.245	-398.285	3.95853	1.79769e+308	-1121.95	-554.655
F1594S	-381.415	-401.288	3.96597	1.79769e+308	-1121.32	-554.278
A265V	-383.93	-404.954	3.97046	1.79769e+308	-1121.95	-554.722
Y1449S	-381.401	-401.905	3.98995	1.79769e+308	-1121.09	-554.74
R1644C	-383.379	-403.436	4.00048	1.79769e+308	-1122.06	-555.316
A166T	-383.585	-403.561	4.00163	1.79769e+308	-1121.63	-554.403
A123V	-383.411	-403.702	4.00179	1.79769e+308	-1121.43	-554.569
W1273C	-383.752	-403.613	4.00219	1.79769e+308	-1120.41	-554.372
Y1494A	-382.802	-403.225	4.00329	1.79769e+308	-1121.78	-554.511
I202T	-383.326	-403.063	4.00657	1.79769e+308	-1121.01	-554.588
W1271C	-383.682	-404.514	4.01168	1.79769e+308	-1120.7	-555.255
G1642E	-379.617	-400.19	4.01193	1.79769e+308	-1123.1	-555.284
F1522A	-384.136	-403.223	4.01423	1.79769e+308	-1121.66	-555.084
A1746T	-383.585	-403.561	4.01544	1.79769e+308	-1121.9	-555.429
I141N	-383.891	-402.303	4.02194	1.79769e+308	-1121.47	-554.149
V1604M	-383.181	-403.442	4.02589	1.79769e+308	-1121.57	-555.006
L1582P	-382.405	-401.636	4.0382	1.79769e+308	-1120.92	-553.64
S1759D	-378.366	-397.884	4.04658	1.79769e+308	-1121	-554.067
K158T	-383.585	-403.561	4.05454	1.79769e+308	-1121.24	-554.139
Q1476K	-381.627	-402.722	4.05919	1.79769e+308	-1121.8	-554.75
S401F	-384.872	-407.671	4.06956	1.79769e+308	-1122.16	-555.086
N406F	-390.833	-411.335	4.07738	1.79769e+308	-1122.58	-556.184
Y1795C	-383.73	-403.833	4.08595	1.79769e+308	-1121.96	-555.274
V396L	-383.603	-403.575	4.10142	1.79769e+308	-1121.99	-554.952
I1524T	-380.655	-401.178	4.10286	1.79769e+308	-1121.37	-554.492
I1448T	-383.038	-402.589	4.10589	1.79769e+308	-1121.32	-554.131
A415T	-381.598	-402.431	4.11913	1.79769e+308	-1121.99	-554.318
A413E	-375.866	-394.246	4.12907	1.79769e+308	-1121.05	-554.008
Y1449C	-383.872	-404.882	4.13646	1.79769e+308	-1120.62	-554.803
S401L	-385.598	-408.83	4.20032	1.79769e+308	-1122.19	-555.153
S401R	-380.97	-401.937	4.20311	1.79769e+308	-1121.72	-553.936
A1581S	-379.973	-400.448	4.2115	1.79769e+308	-1121.58	-554.389
C1850S	-380.973	-399.067	4.21972	1.79769e+308	-1121.21	-554.125
M1766L	-386.366	-405.001	4.22891	1.79769e+308	-1121.77	-554.561
I1448N	-383.006	-402.229	4.26508	1.79769e+308	-1120.64	-553.708
L1717P	-379.682	-400.046	4.28383	1.79769e+308	-1121.44	-553.542
R376L	-385.752	-404.839	4.28764	1.79769e+308	-1121.13	-555.207
M1320I	-385.075	-405.09	4.29927	1.79769e+308	-1121.72	-554.655
N1774D	-378.789	-400.655	4.3158	1.79769e+308	-1121.93	-554.938
N406R	-382.562	-404.088	4.3288	1.79769e+308	-1122.13	-554.823
Q270K	-381.404	-401.449	4.33629	1.79769e+308	-1121.73	-554.227
D1792Y	-384.808	-404.291	4.36871	1.79769e+308	-1120.77	-555.243
S1812L	-383.564	-403.54	4.41751	1.79769e+308	-1120.04	-554.38
A410W	-382.85	-403.596	4.42318	1.79769e+308	-1121.72	-554.64
S1759W	-387.423	-407.824	4.42918	1.79769e+308	-1121.86	-554.584
S401W	-383.763	-406.93	4.43769	1.79769e+308	-1121.98	-555.042
R376C	-385.359	-405.111	4.48305	1.79769e+308	-1121.08	-555.422
S1759L	-391.736	-412.294	4.52277	1.79769e+308	-1122.06	-554.702
I1521K	-375.075	-396.321	4.53459	1.79769e+308	-1121.2	-552.996
W1798E	-379.231	-398.169	4.56072	1.79769e+308	-1121.46	-554.536
L1601H	-380.231	-399.93	4.61887	1.79769e+308	-1121.15	-553.84
M1652R	-379.665	-399.829	4.65474	1.79769e+308	-1122.75	-555.527
D1792V	-384.689	-404.423	4.65975	1.79769e+308	-1120.82	-555.496
E1574K	-385.396	-405.159	4.85149	1.79769e+308	-1121.85	-554.41
R282C	-383.946	-403.635	4.85237	1.79769e+308	-1120.58	-554.976
S401K	-378.77	-399.864	4.86218	1.79769e+308	-1121.24	-553.722
L1854E	-377.478	-398.135	4.88241	1.79769e+308	-1121.48	-554.069
L931K	-369.642	-391.486	5.06345	1.79769e+308	-1120.06	-553.251
P119L	-383.585	-403.561	5.10469	1.79769e+308	-1119.63	-552.554
P1884L	-383.585	-403.561	5.10469	1.79769e+308	-1119.86	-554.87
Y774D	-375.282	-396.597	5.16666	1.79769e+308	-1121.25	-553.377
N406K	-379.193	-401.74	5.17753	1.79769e+308	-1121.63	-554.389
I1853E	-371.24	-393.751	5.67205	1.79769e+308	-1121.04	-553.926
M369K	-375.403	-392.024	5.72685	1.79769e+308	-1120.9	-553.566
D1091A	-8.94581	-10.8598	6.00168	4.29436	-89.2085	-28.8508
S1759K	-378	-399.798	6.03111	1.79769e+308	-1120.9	-553.821
V714A	-372.392	-396.308	4.15547	1.79769e+308	-1121.84	-554.838
V714D	-372.392	-396.308	4.15547	1.79769e+308	-1122.45	-555.331
M715I	-372.392	-396.308	4.15547	1.79769e+308	-1121.39	-554.476
M715T	-372.392	-396.308	4.15547	1.79769e+308	-1123	-555.858
P717L	-372.392	-396.308	5.68812	1.79769e+308	-1119.57	-552.618
F718L	-372.392	-396.308	4.05529	1.79769e+308	-1121.58	-554.128
L721P	-372.327	-396.118	4.31816	1.79769e+308	-1121.12	-553.843
I723V	-372.111	-396.57	4.22118	1.79769e+308	-1121.85	-554.676
T724I	-373.377	-397.713	3.90211	1.79769e+308	-1122.76	-555.202
V728I	-372.726	-396.519	3.94685	1.79769e+308	-1122.07	-554.812
N730K	-370.312	-394.441	4.16284	1.79769e+308	-1121.71	-554.221
T731I	-375.614	-399.307	3.78522	1.79769e+308	-1122.42	-555.003
F733L	-372.392	-396.308	4.15547	1.79769e+308	-1122.1	-554.82
M734V	-372.392	-396.308	4.15547	1.79769e+308	-1121.71	-554.553
A735E	-372.392	-396.308	4.15547	1.79769e+308	-1120.81	-553.177
A735T	-372.392	-396.308	4.15547	1.79769e+308	-1121.59	-554.32
A735V	-372.392	-396.308	4.15547	1.79769e+308	-1122.37	-554.868
T742A	-372.392	-396.308	4.08267	1.79769e+308	-1121.7	-554.528
E746K	-372.392	-396.308	4.31748	1.79769e+308	-1121.92	-554.648
E747A	-372.392	-396.308	4.69141	1.79769e+308	-1120.78	-554.686
M748I	-372.392	-396.308	3.89987	1.79769e+308	-1122.73	-554.93
Q750R	-372.392	-396.308	3.90543	1.79769e+308	-1121.89	-554.926
V751F	-372.392	-396.308	4.24196	1.79769e+308	-1122	-554.782
V751I	-372.392	-396.308	4.11578	1.79769e+308	-1122.05	-554.783
G752R	-371.156	-394.966	3.77213	1.79769e+308	-1121.8	-553.546
G758E	-370.917	-394.493	4.50892	1.79769e+308	-1121.13	-553.631
I759F	-372.642	-396.367	4.15392	1.79769e+308	-1122	-554.786
I759V	-372.033	-396.563	4.14181	1.79769e+308	-1121.91	-554.698
E763D	-372.655	-396.371	4.38766	1.79769e+308	-1121.82	-554.509
E763K	-372.895	-397.477	4.77502	1.79769e+308	-1121.83	-554.409
M764R	-368.078	-392.652	4.44499	1.79769e+308	-1121.46	-553.529
L771V	-374.095	-397.299	4.20599	1.79769e+308	-1121.87	-554.763
D772N	-372.65	-396.906	4.06231	1.79769e+308	-1121.58	-554.438
P773S	-371.24	-396.029	4.60314	1.79769e+308	-1121.62	-554.105
Y774C	-386.193	-405.327	2.69766	1.79769e+308	-1121.37	-554.362
Y774D	-375.282	-396.597	5.16666	1.79769e+308	-1121.25	-553.377
F777L	-372.392	-396.308	4.15547	1.79769e+308	-1122.06	-555.101
Q779K	-372.28	-396.229	4.10752	1.79769e+308	-1122.27	-555.182
N782T	-374.061	-397.521	4.24046	1.79769e+308	-1122.16	-555.555
I783T	-372.392	-396.308	4.40835	1.79769e+308	-1121.01	-554.222
F784L	-372.193	-396.224	4.02022	1.79769e+308	-1122.06	-554.726
D785N	-372.366	-397.061	4.35704	1.79769e+308	-1122.29	-555.102
I788V	-383.441	-403.52	3.69699	1.79769e+308	-1121.9	-554.85
V789I	-371.604	-395.793	4.29727	1.79769e+308	-1122.07	-554.733
L793F	-371.859	-395.652	4.2431	1.79769e+308	-1121.9	-554.774
G797V	-372.392	-396.308	4.03076	1.79769e+308	-1122.79	-554.626
S799A	-372.392	-396.308	4.15547	1.79769e+308	-1122.64	-555.54
R800C	-372.392	-396.308	4.15547	1.79769e+308	-1120	-553.071
R800H	-372.392	-396.308	4.15547	1.79769e+308	-1122.01	-554.928
R800L	-372.392	-396.308	4.15547	1.79769e+308	-1120.37	-553.537
M801V	-372.392	-396.308	4.15547	1.79769e+308	-1121.67	-554.266
N803G	-372.392	-396.308	4.15547	1.79769e+308	-1121.84	-554.671
S805L	-372.392	-396.308	4.15547	1.79769e+308	-1120.08	-553.191
V806M	-372.392	-396.308	4.15547	1.79769e+308	-1122.09	-554.95
R808C	-372.392	-396.308	4.15547	1.79769e+308	-1121.63	-554.134
R808H	-372.392	-396.308	4.15547	1.79769e+308	-1122.42	-553.84
R808P	-372.392	-396.308	4.15547	1.79769e+308	-1122.05	-552.715
R811G	-372.392	-396.308	4.15547	1.79769e+308	-1122.27	-554.447
R811H	-372.392	-396.308	4.15547	1.79769e+308	-1121.72	-553.916
L812Q	-372.392	-396.308	4.15547	1.79769e+308	-1121.05	-553.208
R814Q	-372.392	-396.308	4.15547	1.79769e+308	-1121.86	-555.052
R814W	-372.392	-396.308	4.15547	1.79769e+308	-1122.3	-555.702
F816L	-372.525	-395.751	4.05574	1.79769e+308	-1122.05	-554.473
F816Y	-370.833	-394.792	3.92007	1.79769e+308	-1121.86	-554.55
K817E	-370.969	-394.457	2.65684	1.79769e+308	-1122.14	-554.905
W822C	-373.082	-397.4	3.89676	1.79769e+308	-1120.37	-554.913
P823T	-372.505	-396.421	4.28658	1.79769e+308	-1121.56	-554.288
N826D	-372.154	-395.733	3.92156	1.79769e+308	-1121.64	-554.301
L828V	-372.029	-396.911	4.25433	1.79769e+308	-1121.68	-554.648
G833R	-372.392	-396.308	4.15547	1.79769e+308	-1121.52	-553.567
N834D	-371.737	-395.962	4.33799	1.79769e+308	-1122.36	-554.95
S835A	-373.474	-398.047	4.18701	1.79769e+308	-1122.23	-555.263
S835L	-374.678	-400.565	3.99572	1.79769e+308	-1122.74	-555.449
V836M	-372.739	-396.436	4.11731	1.79769e+308	-1121.5	-554.432
L839P	-368.748	-392.717	4.10321	1.79769e+308	-1120.62	-553.774
N841K	-371.975	-395.766	3.92073	1.79769e+308	-1121.53	-554.1
T843A	-371.722	-396.548	4.14938	1.79769e+308	-1122.31	-554.72
L846R	-366.865	-391.943	4.66294	1.79769e+308	-1121.47	-553.613
I848F	-372.442	-396.317	4.40328	1.79769e+308	-1122.05	-554.81
I849N	-367.546	-392.818	4.37062	1.79769e+308	-1121.46	-554.155
V850M	-372.478	-396.763	3.94246	1.79769e+308	-1122.2	-554.499
F851L	-382.963	-402.954	3.69424	1.79769e+308	-1121.91	-554.89
G857D	-363.353	-387.751	4.62652	1.79769e+308	-1120.73	-554.196
M858L	-372.044	-396.351	4.14977	1.79769e+308	-1121.85	-555.173
S866L	-372.392	-396.308	4.15547	1.79769e+308	-1120.66	-554.723
S866P	-372.392	-396.308	4.15547	1.79769e+308	-1122.19	-555.163
E867Q	-372.392	-396.308	4.15547	1.79769e+308	-1121.41	-554.102
R869S	-372.392	-396.308	4.15547	1.79769e+308	-1121.86	-554.716
D870H	-383.585	-403.561	3.55511	1.79769e+308	-1121.13	-554.475
D872N	-372.392	-396.308	4.15547	1.79769e+308	-1121.58	-554.535
S873A	-372.392	-396.308	4.15547	1.79769e+308	-1121.44	-554.379
G874D	-372.392	-396.308	4.15547	1.79769e+308	-1122.56	-555.52
R878C	-372.392	-396.308	4.15547	1.79769e+308	-1120.28	-554.355
R878H	-372.392	-396.308	4.15547	1.79769e+308	-1121.56	-554.768
H880Q	-372.392	-396.308	4.15547	1.79769e+308	-1121.87	-554.438
H886P	-370.969	-395.859	4.46811	1.79769e+308	-1121.6	-554.379
I890T	-368.392	-392.812	3.95484	1.79769e+308	-1122.14	-554.888
I891N	-362.932	-387.676	3.38826	1.79769e+308	-1121.53	-554.15
I891T	-369.482	-393.174	3.32506	1.79769e+308	-1122.15	-554.753
F892I	-373.124	-397.342	4.36224	1.79769e+308	-1121.92	-555.064
R893C	-375.763	-401.065	3.85486	1.79769e+308	-1121.8	-554.799
R893H	-374.107	-398.346	3.44688	1.79769e+308	-1121.78	-554.702
C896S	-372.392	-396.308	4.15547	1.79769e+308	-1122.42	-555.459
G897E	-372.392	-396.308	4.15547	1.79769e+308	-1121.49	-553.434
E901K	-370.818	-395.139	4.08473	1.79769e+308	-1122.02	-554.625
S910L	-372.392	-396.308	4.15547	1.79769e+308	-1122.44	-554.807
G911E	-372.392	-396.308	4.15547	1.79769e+308	-1122.87	-555.659
Q912R	-372.392	-396.308	4.15547	1.79769e+308	-1121.91	-554.672
C915R	-363.822	-387.201	4.4674	1.79769e+308	-1120.73	-554.627
L917R	-372.392	-396.308	3.58469	1.79769e+308	-1120.8	-553.246
L917V	-372.392	-396.308	4.16598	1.79769e+308	-1122.03	-554.579
V924I	-372.392	-396.308	4.15547	1.79769e+308	-1122.04	-554.791
I925F	-372.392	-396.308	4.15547	1.79769e+308	-1122.06	-554.892
N927K	-372.392	-396.308	4.15547	1.79769e+308	-1121.71	-554.213
N927S	-372.392	-396.308	4.15547	1.79769e+308	-1122.25	-555.312
L928P	-367.777	-391.202	3.83176	1.79769e+308	-1120.84	-553.231
V930A	-368.817	-393.3	3.92135	1.79769e+308	-1121.92	-554.593
V930C	-371.606	-397.306	3.82799	1.79769e+308	-1121.82	-554.172
V930K	-362.16	-386.536	5.02935	1.79769e+308	-1120.69	-554.042
V930Q	-362.407	-387.284	4.22484	1.79769e+308	-1121.51	-554.543
L931K	-369.642	-391.486	5.06345	1.79769e+308	-1120.06	-553.251
L935P	-376.607	-397.75	3.19416	1.79769e+308	-1121.22	-553.943
S940N	-372.392	-396.308	4.15547	1.79769e+308	-1122.14	-554.87
S941N	-383.585	-403.561	3.55511	1.79769e+308	-1122.12	-554.925
S943N	-372.392	-396.308	4.15547	1.79769e+308	-1122.12	-554.925
